*BC1
          31           1   1.00000000000000     
          31           2   1.00000000000000     
         150           1   1.00000000000000     
         150           2   1.00000000000000     
         167           1   1.00000000000000     
         167           2   1.00000000000000     
         182           1   1.00000000000000     
         182           2   1.00000000000000     
         195           1   1.00000000000000     
         195           2   1.00000000000000     
         206           1   1.00000000000000     
         206           2   1.00000000000000     
         215           1   1.00000000000000     
         215           2   1.00000000000000     
         222           1   1.00000000000000     
         222           2   1.00000000000000     
         227           1   1.00000000000000     
         227           2   1.00000000000000     
         230           1   1.00000000000000     
         230           2   1.00000000000000     
         231           1   1.00000000000000     
         231           2   1.00000000000000     
         250           1   1.00000000000000     
         250           2   1.00000000000000     
         267           1   1.00000000000000     
         267           2   1.00000000000000     
         282           1   1.00000000000000     
         282           2   1.00000000000000     
         295           1   1.00000000000000     
         295           2   1.00000000000000     
         306           1   1.00000000000000     
         306           2   1.00000000000000     
         315           1   1.00000000000000     
         315           2   1.00000000000000     
         322           1   1.00000000000000     
         322           2   1.00000000000000     
         327           1   1.00000000000000     
         327           2   1.00000000000000     
         330           1   1.00000000000000     
         330           2   1.00000000000000     
         331           1   1.00000000000000     
         331           2   1.00000000000000     
         359           1   1.00000000000000     
         359           2   1.00000000000000     
         457           1   1.00000000000000     
         457           2   1.00000000000000     
         472           1   1.00000000000000     
         472           2   1.00000000000000     
         485           1   1.00000000000000     
         485           2   1.00000000000000     
         496           1   1.00000000000000     
         496           2   1.00000000000000     
         505           1   1.00000000000000     
         505           2   1.00000000000000     
         512           1   1.00000000000000     
         512           2   1.00000000000000     
         517           1   1.00000000000000     
         517           2   1.00000000000000     
         520           1   1.00000000000000     
         520           2   1.00000000000000     
         521           1   1.00000000000000     
         521           2   1.00000000000000     
         538           1   1.00000000000000     
         538           2   1.00000000000000     
         553           1   1.00000000000000     
         553           2   1.00000000000000     
         566           1   1.00000000000000     
         566           2   1.00000000000000     
         577           1   1.00000000000000     
         577           2   1.00000000000000     
         586           1   1.00000000000000     
         586           2   1.00000000000000     
         593           1   1.00000000000000     
         593           2   1.00000000000000     
         598           1   1.00000000000000     
         598           2   1.00000000000000     
         601           1   1.00000000000000     
         601           2   1.00000000000000     
         602           1   1.00000000000000     
         602           2   1.00000000000000     
         627           1   1.00000000000000     
         627           2   1.00000000000000     
         706           1   1.00000000000000     
         706           2   1.00000000000000     
         719           1   1.00000000000000     
         719           2   1.00000000000000     
         730           1   1.00000000000000     
         730           2   1.00000000000000     
         739           1   1.00000000000000     
         739           2   1.00000000000000     
         746           1   1.00000000000000     
         746           2   1.00000000000000     
         751           1   1.00000000000000     
         751           2   1.00000000000000     
         754           1   1.00000000000000     
         754           2   1.00000000000000     
         755           1   1.00000000000000     
         755           2   1.00000000000000     
         770           1   1.00000000000000     
         770           2   1.00000000000000     
         783           1   1.00000000000000     
         783           2   1.00000000000000     
         794           1   1.00000000000000     
         794           2   1.00000000000000     
         803           1   1.00000000000000     
         803           2   1.00000000000000     
         810           1   1.00000000000000     
         810           2   1.00000000000000     
         815           1   1.00000000000000     
         815           2   1.00000000000000     
         818           1   1.00000000000000     
         818           2   1.00000000000000     
         819           1   1.00000000000000     
         819           2   1.00000000000000     
         841           1   1.00000000000000     
         841           2   1.00000000000000     
         903           1   1.00000000000000     
         903           2   1.00000000000000     
         914           1   1.00000000000000     
         914           2   1.00000000000000     
         923           1   1.00000000000000     
         923           2   1.00000000000000     
         930           1   1.00000000000000     
         930           2   1.00000000000000     
         935           1   1.00000000000000     
         935           2   1.00000000000000     
         938           1   1.00000000000000     
         938           2   1.00000000000000     
         939           1   1.00000000000000     
         939           2   1.00000000000000     
         952           1   1.00000000000000     
         952           2   1.00000000000000     
         963           1   1.00000000000000     
         963           2   1.00000000000000     
         972           1   1.00000000000000     
         972           2   1.00000000000000     
         979           1   1.00000000000000     
         979           2   1.00000000000000     
         984           1   1.00000000000000     
         984           2   1.00000000000000     
         987           1   1.00000000000000     
         987           2   1.00000000000000     
         988           1   1.00000000000000     
         988           2   1.00000000000000     
        1007           1   1.00000000000000     
        1007           2   1.00000000000000     
        1054           1   1.00000000000000     
        1054           2   1.00000000000000     
        1063           1   1.00000000000000     
        1063           2   1.00000000000000     
        1070           1   1.00000000000000     
        1070           2   1.00000000000000     
        1075           1   1.00000000000000     
        1075           2   1.00000000000000     
        1078           1   1.00000000000000     
        1078           2   1.00000000000000     
        1079           1   1.00000000000000     
        1079           2   1.00000000000000     
        1090           1   1.00000000000000     
        1090           2   1.00000000000000     
        1099           1   1.00000000000000     
        1099           2   1.00000000000000     
        1106           1   1.00000000000000     
        1106           2   1.00000000000000     
        1111           1   1.00000000000000     
        1111           2   1.00000000000000     
        1114           1   1.00000000000000     
        1114           2   1.00000000000000     
        1115           1   1.00000000000000     
        1115           2   1.00000000000000     
        1131           1   1.00000000000000     
        1131           2   1.00000000000000     
        1165           1   1.00000000000000     
        1165           2   1.00000000000000     
        1172           1   1.00000000000000     
        1172           2   1.00000000000000     
        1177           1   1.00000000000000     
        1177           2   1.00000000000000     
        1180           1   1.00000000000000     
        1180           2   1.00000000000000     
        1181           1   1.00000000000000     
        1181           2   1.00000000000000     
        1190           1   1.00000000000000     
        1190           2   1.00000000000000     
        1197           1   1.00000000000000     
        1197           2   1.00000000000000     
        1202           1   1.00000000000000     
        1202           2   1.00000000000000     
        1205           1   1.00000000000000     
        1205           2   1.00000000000000     
        1206           1   1.00000000000000     
        1206           2   1.00000000000000     
        1219           1   1.00000000000000     
        1219           2   1.00000000000000     
        1242           1   1.00000000000000     
        1242           2   1.00000000000000     
        1247           1   1.00000000000000     
        1247           2   1.00000000000000     
        1250           1   1.00000000000000     
        1250           2   1.00000000000000     
        1251           1   1.00000000000000     
        1251           2   1.00000000000000     
        1258           1   1.00000000000000     
        1258           2   1.00000000000000     
        1263           1   1.00000000000000     
        1263           2   1.00000000000000     
        1266           1   1.00000000000000     
        1266           2   1.00000000000000     
        1267           1   1.00000000000000     
        1267           2   1.00000000000000     
        1277           1   1.00000000000000     
        1277           2   1.00000000000000     
        1291           1   1.00000000000000     
        1291           2   1.00000000000000     
        1294           1   1.00000000000000     
        1294           2   1.00000000000000     
        1295           1   1.00000000000000     
        1295           2   1.00000000000000     
        1300           1   1.00000000000000     
        1300           2   1.00000000000000     
        1303           1   1.00000000000000     
        1303           2   1.00000000000000     
        1304           1   1.00000000000000     
        1304           2   1.00000000000000     
        1311           1   1.00000000000000     
        1311           2   1.00000000000000     
        1318           1   1.00000000000000     
        1318           2   1.00000000000000     
        1319           1   1.00000000000000     
        1319           2   1.00000000000000     
        1322           1   1.00000000000000     
        1322           2   1.00000000000000     
        1323           1   1.00000000000000     
        1323           2   1.00000000000000     
        1327           1   1.00000000000000     
        1327           2   1.00000000000000     
        1329           1   1.00000000000000     
        1329           2   1.00000000000000     
        1330           1   1.00000000000000     
        1330           2   1.00000000000000     
        1331           1   1.00000000000000     
        1331           2   1.00000000000000     
*BC2
           1           1  0.000000000000000E+000
           2           1  0.000000000000000E+000
           3           1  0.000000000000000E+000
           4           1  0.000000000000000E+000
           5           1  0.000000000000000E+000
           6           1  0.000000000000000E+000
           7           1  0.000000000000000E+000
           8           1  0.000000000000000E+000
           9           1  0.000000000000000E+000
          10           1  0.000000000000000E+000
          11           1  0.000000000000000E+000
          12           1  0.000000000000000E+000
          13           1  0.000000000000000E+000
          14           1  0.000000000000000E+000
          15           1  0.000000000000000E+000
          16           1  0.000000000000000E+000
          17           1  0.000000000000000E+000
          18           1  0.000000000000000E+000
          19           1  0.000000000000000E+000
          20           1  0.000000000000000E+000
          21           1  0.000000000000000E+000
          32           1  0.000000000000000E+000
          33           1  0.000000000000000E+000
          34           1  0.000000000000000E+000
          35           1  0.000000000000000E+000
          36           1  0.000000000000000E+000
          37           1  0.000000000000000E+000
          38           1  0.000000000000000E+000
          39           1  0.000000000000000E+000
          40           1  0.000000000000000E+000
          41           1  0.000000000000000E+000
          42           1  0.000000000000000E+000
          43           1  0.000000000000000E+000
          44           1  0.000000000000000E+000
          45           1  0.000000000000000E+000
          46           1  0.000000000000000E+000
          47           1  0.000000000000000E+000
          48           1  0.000000000000000E+000
          49           1  0.000000000000000E+000
          50           1  0.000000000000000E+000
          51           1  0.000000000000000E+000
          52           1  0.000000000000000E+000
          53           1  0.000000000000000E+000
          54           1  0.000000000000000E+000
          55           1  0.000000000000000E+000
          56           1  0.000000000000000E+000
          57           1  0.000000000000000E+000
          58           1  0.000000000000000E+000
          59           1  0.000000000000000E+000
          60           1  0.000000000000000E+000
          61           1  0.000000000000000E+000
          62           1  0.000000000000000E+000
          63           1  0.000000000000000E+000
          64           1  0.000000000000000E+000
          65           1  0.000000000000000E+000
          66           1  0.000000000000000E+000
          67           1  0.000000000000000E+000
          68           1  0.000000000000000E+000
          69           1  0.000000000000000E+000
          70           1  0.000000000000000E+000
          71           1  0.000000000000000E+000
          72           1  0.000000000000000E+000
          73           1  0.000000000000000E+000
          74           1  0.000000000000000E+000
          75           1  0.000000000000000E+000
          76           1  0.000000000000000E+000
          77           1  0.000000000000000E+000
          78           1  0.000000000000000E+000
          79           1  0.000000000000000E+000
          80           1  0.000000000000000E+000
          81           1  0.000000000000000E+000
          82           1  0.000000000000000E+000
          83           1  0.000000000000000E+000
          84           1  0.000000000000000E+000
          85           1  0.000000000000000E+000
          86           1  0.000000000000000E+000
          87           1  0.000000000000000E+000
          88           1  0.000000000000000E+000
          89           1  0.000000000000000E+000
          90           1  0.000000000000000E+000
          91           1  0.000000000000000E+000
          92           1  0.000000000000000E+000
          93           1  0.000000000000000E+000
          94           1  0.000000000000000E+000
          95           1  0.000000000000000E+000
          96           1  0.000000000000000E+000
          97           1  0.000000000000000E+000
          98           1  0.000000000000000E+000
          99           1  0.000000000000000E+000
         100           1  0.000000000000000E+000
         101           1  0.000000000000000E+000
         102           1  0.000000000000000E+000
         103           1  0.000000000000000E+000
         104           1  0.000000000000000E+000
         105           1  0.000000000000000E+000
         106           1  0.000000000000000E+000
         107           1  0.000000000000000E+000
         108           1  0.000000000000000E+000
         109           1  0.000000000000000E+000
         110           1  0.000000000000000E+000
         111           1  0.000000000000000E+000
         112           1  0.000000000000000E+000
         113           1  0.000000000000000E+000
         114           1  0.000000000000000E+000
         115           1  0.000000000000000E+000
         116           1  0.000000000000000E+000
         117           1  0.000000000000000E+000
         118           1  0.000000000000000E+000
         119           1  0.000000000000000E+000
         120           1  0.000000000000000E+000
         121           1  0.000000000000000E+000
         122           1  0.000000000000000E+000
         123           1  0.000000000000000E+000
         124           1  0.000000000000000E+000
         125           1  0.000000000000000E+000
         126           1  0.000000000000000E+000
         127           1  0.000000000000000E+000
         128           1  0.000000000000000E+000
         129           1  0.000000000000000E+000
         130           1  0.000000000000000E+000
         131           1  0.000000000000000E+000
